
2024-04-15 22:34:12.262498 run
100 iterations (w/o print statements)

--- Hole Fill with Depth --- 
Min: 0.5004512000014074
Avg: 0.5297577010001987
Max: 0.655667099985294

--- Camera Movement L / R --- 
Min: 0.40786799998022616
Avg: 0.43210757699853275
Max: 0.5056074999738485

--- Tolerance Depth --- 
Min: 0.5205427000182681
Avg: 0.5479791320016375
Max: 0.5883152000023983
