
2024-04-18 21:08:42.551540
200 iterations

--- Hole Fill with Depth --- 
Min: 0.1528884000144899
Avg: 0.16624808799941093
Max: 0.17943609994836152

--- Camera Movement L / R --- 
Min: 0.05581819999497384
Avg: 0.06126670700090472
Max: 0.1061370000243187

--- Tolerance Depth --- 
Min: 0.16097580001223832
Avg: 0.17322256549901793
Max: 0.21936860005371273
